409,4739,1690,125889,Race
510,4529,1556,243213,Race
433,4582,1688,224111,Race
429,4563,1742,120297,Race
466,4530,1663,185784,Race
473,4681,1591,123719,Race
454,4524,1653,116341,Race
506,4752,1728,199629,Race
469,4576,1634,255212,Race
509,4694,1664,292379,Race
465,4613,1687,113330,Race
443,4570,1642,126245,Race
436,4503,1620,200322,Race
511,4520,1595,243823,Race
389,4446,1539,166564,Race
501,4606,1611,112089,Race
384,4495,1748,145001,Race
484,4521,1606,197466,Race
410,4583,1542,88007,Race
371,4556,1614,163928,Race
486,4674,1703,165168,Race
422,4492,1749,179386,Race
409,4445,1678,87902,Race
480,4579,1737,143382,Race
457,4581,1585,103969,Race
442,4581,1546,170860,Race
476,4604,1623,192500,Race
389,4620,1604,123830,Race
405,4535,1679,177818,Race
434,4722,1658,115162,Race
406,4575,1725,140247,Race
511,4653,1626,122937,Race
398,4637,1587,195183,Race
458,4690,1743,104372,Race
468,4631,1615,224862,Race
432,4528,1589,154858,Race
468,4753,1578,199454,Race
449,4522,1639,185931,Race
486,4524,1585,255162,Race
441,4647,1760,192192,Race
463,4502,1527,221115,Race
420,4635,1750,116578,Race
428,4742,1646,152478,Race
409,4582,1644,142208,Race
482,4700,1725,209078,Race
385,4582,1660,101536,Race
388,4504,1741,97152,Race
381,4568,1726,161199,Race
475,4623,1724,110217,Race
485,4507,1782,136657,Race
170,4750,1964,53129,SUV
188,4884,1866,62540,SUV
200,5057,1944,62878,SUV
198,4990,2033,47403,SUV
173,4775,2089,51778,SUV
232,4872,1973,61009,SUV
197,4963,2176,71531,SUV
191,4977,2026,61290,SUV
240,4740,1936,64502,SUV
148,5081,1903,28146,SUV
176,5016,1905,50385,SUV
195,4840,2101,48785,SUV
200,4790,1959,45449,SUV
153,4785,2075,28209,SUV
154,4814,1899,30084,SUV
185,4928,2012,57733,SUV
182,4989,1919,43578,SUV
195,4938,1859,51078,SUV
154,4861,1879,47357,SUV
202,4980,2029,43853,SUV
148,4942,1968,44242,SUV
173,4922,2025,44435,SUV
168,4764,2086,38142,SUV
178,4806,1999,39728,SUV
222,4941,2049,60009,SUV
146,4967,1976,33407,SUV
202,4804,1885,51543,SUV
162,4920,1903,48968,SUV
221,4860,2050,78425,SUV
162,4810,2035,32506,SUV
183,4956,1910,39492,SUV
176,5070,2109,39196,SUV
189,4933,2028,41578,SUV
199,4951,2000,52998,SUV
167,4913,1891,39698,SUV
224,5004,2079,84086,SUV
198,4881,1934,71927,SUV
215,4885,2048,57248,SUV
206,4937,1952,50534,SUV
166,4892,2041,39370,SUV
179,4922,2022,38102,SUV
135,4775,2175,32406,SUV
165,4819,1818,31824,SUV
137,4888,2027,31675,SUV
185,5006,2061,40324,SUV
236,4899,1904,74313,SUV
143,4884,1993,34212,SUV
217,4891,1983,60891,SUV
224,4863,2048,80124,SUV
182,4801,1976,39272,SUV
86,3615,1389,18863,Hatchback
75,3742,1044,14325,Hatchback
73,3851,1197,16030,Hatchback
76,3917,1208,10689,Hatchback
77,3701,1429,14824,Hatchback
84,4097,1148,20481,Hatchback
76,3832,1077,9140,Hatchback
77,3849,1076,12575,Hatchback
74,4067,961,14511,Hatchback
79,4053,1137,10590,Hatchback
63,3555,1091,8068,Hatchback
72,3764,997,14490,Hatchback
79,3852,1148,11939,Hatchback
77,3851,1192,12078,Hatchback
76,3841,1177,13504,Hatchback
66,3921,1106,12516,Hatchback
87,3961,932,16664,Hatchback
77,4154,1143,17909,Hatchback
74,4084,1195,9102,Hatchback
79,3832,1206,15027,Hatchback
78,3844,1053,12775,Hatchback
84,3903,1106,13919,Hatchback
76,3627,1136,15871,Hatchback
69,3774,1025,11397,Hatchback
76,4019,1207,9912,Hatchback
75,3849,1095,17120,Hatchback
78,4071,1039,14035,Hatchback
75,3638,1212,14785,Hatchback
72,3908,1185,11227,Hatchback
73,3835,1221,14842,Hatchback
84,4020,1014,12023,Hatchback
67,3644,1428,7432,Hatchback
84,3847,1046,15702,Hatchback
83,3892,1225,19427,Hatchback
74,3864,1242,8750,Hatchback
78,4096,1212,10788,Hatchback
63,3826,1122,12751,Hatchback
76,3648,1273,9449,Hatchback
74,3726,1264,11236,Hatchback
66,3576,1435,8345,Hatchback
79,3860,1322,13087,Hatchback
74,3622,991,11745,Hatchback
77,3907,1057,17079,Hatchback
78,3912,1198,15163,Hatchback
65,3694,1426,11319,Hatchback
63,3787,1432,12594,Hatchback
66,3765,956,7319,Hatchback
82,3778,1087,11705,Hatchback
73,3746,1319,9259,Hatchback
67,3733,1192,8893,Hatchback
