351.0,4507.0,1606.0,142561,Race
403.0,4554.0,1792.0,179059,Race
536.0,4604.0,1627.0,286658,Race
521.0,4594.0,1510.0,273542,Race
521.0,4733.0,1741.0,273542,Race
402.0,4419.0,1735.0,178326,Race
504.0,4477.0,1677.0,258972,Race
391.0,4543.0,1777.0,170347,Race
593.0,4664.0,1521.0,338675,Race
313.0,4524.0,1515.0,118002,Race
310.0,4467.0,1521.0,116142,Race
411.0,4755.0,1764.0,184962,Race
447.0,4674.0,1539.0,212447,Race
391.0,4671.0,1716.0,170347,Race
573.0,4565.0,1794.0,320035,Race
329.0,4503.0,1735.0,128120,Race
380.0,4529.0,1650.0,162512,Race
419.0,4486.0,1629.0,190939,Race
377.0,4671.0,1669.0,160401,Race
591.0,4739.0,1763.0,336792,Race
599.0,4455.0,1798.0,344347,Race
542.0,4717.0,1630.0,291972,Race
586.0,4488.0,1538.0,332104,Race
355.0,4474.0,1738.0,145251,Race
478.0,4674.0,1655.0,237300,Race
598.0,4634.0,1513.0,343399,Race
312.0,4528.0,1565.0,117381,Race
575.0,4440.0,1602.0,321880,Race
337.0,4782.0,1731.0,133301,Race
577.0,4407.0,1725.0,323730,Race
478.0,4418.0,1736.0,237300,Race
328.0,4479.0,1613.0,127478,Race
358.0,4591.0,1662.0,147282,Race
424.0,4451.0,1791.0,194714,Race
479.0,4525.0,1693.0,238120,Race
570.0,4794.0,1641.0,317275,Race
364.0,4614.0,1686.0,151377,Race
449.0,4401.0,1515.0,214017,Race
430.0,4433.0,1792.0,199281,Race
453.0,4744.0,1669.0,217172,Race
353.0,4750.0,1661.0,143903,Race
438.0,4651.0,1632.0,205435,Race
394.0,4614.0,1781.0,172509,Race
480.0,4500.0,1707.0,238941,Race
524.0,4678.0,1678.0,276146,Race
496.0,4537.0,1531.0,252225,Race
458.0,4620.0,1784.0,221142,Race
333.0,4780.0,1614.0,130700,Race
512.0,4416.0,1738.0,265790,Race
560.0,4783.0,1521.0,308143,Race
195.0,5058.0,1800.0,46138,SUV
180.0,4960.0,1814.0,40592,SUV
223.0,5034.0,2126.0,57186,SUV
240.0,4964.0,1824.0,64319,SUV
240.0,5033.0,2003.0,64319,SUV
241.0,5018.0,1773.0,64748,SUV
196.0,4756.0,1956.0,46517,SUV
183.0,4861.0,1708.0,41679,SUV
201.0,4995.0,2009.0,48430,SUV
130.0,4862.0,1817.0,24116,SUV
243.0,4878.0,2162.0,65610,SUV
177.0,5006.0,1934.0,39515,SUV
243.0,4936.0,1725.0,65610,SUV
154.0,5045.0,2112.0,31625,SUV
240.0,4850.0,2079.0,64319,SUV
144.0,5079.0,2141.0,28404,SUV
185.0,5047.0,1857.0,42411,SUV
156.0,4842.0,1812.0,32285,SUV
239.0,4937.0,2016.0,63891,SUV
193.0,4797.0,1893.0,45383,SUV
148.0,4827.0,2126.0,29677,SUV
248.0,4820.0,2058.0,67783,SUV
165.0,4787.0,1824.0,35316,SUV
231.0,4880.0,1881.0,60503,SUV
213.0,4743.0,2059.0,53138,SUV
249.0,4903.0,1756.0,68221,SUV
158.0,5058.0,2146.0,32950,SUV
171.0,4931.0,1849.0,37393,SUV
241.0,4934.0,1892.0,64748,SUV
133.0,4880.0,2005.0,25013,SUV
183.0,4825.0,1999.0,41679,SUV
243.0,4960.0,1755.0,65610,SUV
194.0,5056.0,1797.0,45760,SUV
242.0,4956.0,2177.0,65179,SUV
176.0,4941.0,1921.0,39158,SUV
249.0,5088.0,1840.0,68221,SUV
229.0,4999.0,1750.0,59667,SUV
206.0,4704.0,2047.0,50372,SUV
133.0,4884.0,2030.0,25013,SUV
174.0,4726.0,1905.0,38448,SUV
195.0,4797.0,2004.0,46138,SUV
199.0,5049.0,1936.0,47661,SUV
177.0,5008.0,1796.0,39515,SUV
132.0,4864.0,1843.0,24713,SUV
121.0,4857.0,1842.0,21501,SUV
181.0,4874.0,1933.0,40953,SUV
217.0,5072.0,2052.0,54744,SUV
141.0,5074.0,1963.0,27463,SUV
143.0,5000.0,1963.0,28089,SUV
207.0,4759.0,1707.0,50764,SUV
66.0,4047.0,1479.0,9047,Hatchback
72.0,4112.0,1060.0,10443,Hatchback
89.0,3684.0,1408.0,14816,Hatchback
71.0,4061.0,1173.0,10205,Hatchback
85.0,3700.0,1167.0,13734,Hatchback
60.0,3928.0,1538.0,7730,Hatchback
88.0,3887.0,1441.0,14542,Hatchback
79.0,4179.0,1381.0,12171,Hatchback
67.0,3635.0,1154.0,9274,Hatchback
79.0,3603.0,1579.0,12171,Hatchback
60.0,3551.0,1026.0,7730,Hatchback
80.0,4106.0,1297.0,12426,Hatchback
84.0,3733.0,1543.0,13468,Hatchback
64.0,3959.0,1005.0,8599,Hatchback
67.0,4039.0,1583.0,9274,Hatchback
61.0,4043.0,1307.0,7944,Hatchback
67.0,3574.0,1416.0,9274,Hatchback
72.0,3761.0,1292.0,10443,Hatchback
66.0,3784.0,1559.0,9047,Hatchback
81.0,3967.0,1100.0,12684,Hatchback
61.0,3911.0,1108.0,7944,Hatchback
89.0,4015.0,1429.0,14816,Hatchback
90.0,3843.0,1398.0,15092,Hatchback
71.0,3918.0,903.0,10205,Hatchback
65.0,4050.0,1517.0,8822,Hatchback
74.0,3848.0,1142.0,10926,Hatchback
77.0,4119.0,1172.0,11667,Hatchback
84.0,3953.0,1291.0,13468,Hatchback
62.0,4185.0,1572.0,8160,Hatchback
62.0,3736.0,920.0,8160,Hatchback
61.0,4149.0,942.0,7944,Hatchback
79.0,4095.0,1143.0,12171,Hatchback
76.0,3921.0,1576.0,11418,Hatchback
90.0,3588.0,1458.0,15092,Hatchback
63.0,3812.0,1177.0,8378,Hatchback
68.0,3953.0,1507.0,9503,Hatchback
84.0,3566.0,1368.0,13468,Hatchback
74.0,3711.0,1049.0,10926,Hatchback
79.0,4100.0,1597.0,12171,Hatchback
77.0,3551.0,1262.0,11667,Hatchback
67.0,3624.0,1503.0,9274,Hatchback
66.0,3911.0,1066.0,9047,Hatchback
76.0,3879.0,1082.0,11418,Hatchback
75.0,3737.0,1206.0,11171,Hatchback
82.0,3564.0,1251.0,12943,Hatchback
73.0,4172.0,1325.0,10684,Hatchback
90.0,3516.0,1029.0,15092,Hatchback
78.0,4105.0,1036.0,11918,Hatchback
64.0,3766.0,1577.0,8599,Hatchback
86.0,3675.0,1037.0,14001,Hatchback
