486.0,4725.0,1599.0,123499,Race
336.0,4562.0,1606.0,78584,Race
372.0,4475.0,1690.0,77121,Race
529.0,4521.0,1552.0,140723,Race
580.0,4491.0,1753.0,196257,Race
461.0,4626.0,1585.0,237676,Race
352.0,4641.0,1791.0,127382,Race
303.0,4775.0,1675.0,74976,Race
570.0,4571.0,1707.0,157866,Race
320.0,4409.0,1645.0,54578,Race
324.0,4448.0,1799.0,78668,Race
581.0,4760.0,1659.0,126040,Race
317.0,4485.0,1602.0,101381,Race
538.0,4757.0,1625.0,197782,Race
481.0,4765.0,1526.0,271284,Race
426.0,4402.0,1610.0,107109,Race
424.0,4405.0,1682.0,94213,Race
369.0,4657.0,1736.0,122224,Race
495.0,4525.0,1675.0,196136,Race
320.0,4522.0,1633.0,64889,Race
395.0,4467.0,1767.0,84535,Race
563.0,4538.0,1722.0,187301,Race
324.0,4611.0,1653.0,105033,Race
558.0,4621.0,1579.0,287556,Race
426.0,4796.0,1541.0,100817,Race
423.0,4498.0,1714.0,206048,Race
494.0,4505.0,1625.0,111868,Race
524.0,4465.0,1744.0,293990,Race
476.0,4757.0,1678.0,99410,Race
562.0,4517.0,1558.0,164564,Race
388.0,4725.0,1566.0,73009,Race
411.0,4487.0,1598.0,145388,Race
383.0,4451.0,1530.0,155127,Race
381.0,4495.0,1613.0,121261,Race
436.0,4649.0,1772.0,117989,Race
598.0,4784.0,1533.0,302180,Race
465.0,4792.0,1729.0,122686,Race
365.0,4718.0,1767.0,113217,Race
398.0,4430.0,1798.0,186229,Race
480.0,4535.0,1643.0,270343,Race
578.0,4708.0,1584.0,304652,Race
591.0,4737.0,1757.0,177911,Race
459.0,4685.0,1786.0,184663,Race
359.0,4442.0,1615.0,68863,Race
547.0,4465.0,1799.0,296430,Race
347.0,4539.0,1688.0,65395,Race
525.0,4759.0,1542.0,294922,Race
442.0,4505.0,1636.0,88885,Race
392.0,4496.0,1508.0,161151,Race
482.0,4766.0,1578.0,107764,Race
243.0,4953.0,1792.0,37880,SUV
218.0,4973.0,2173.0,58199,SUV
129.0,5023.0,2100.0,17795,SUV
159.0,5087.0,1932.0,31639,SUV
177.0,5043.0,1903.0,41614,SUV
170.0,5071.0,1874.0,37044,SUV
234.0,4829.0,2029.0,42160,SUV
149.0,4749.0,2049.0,22218,SUV
137.0,4816.0,1925.0,22628,SUV
243.0,5039.0,1889.0,69315,SUV
127.0,5087.0,1998.0,23232,SUV
154.0,4838.0,2170.0,33259,SUV
131.0,5059.0,1839.0,25633,SUV
239.0,5100.0,1808.0,51322,SUV
237.0,5036.0,1885.0,59683,SUV
173.0,4858.0,2186.0,40110,SUV
185.0,4973.0,1913.0,42411,SUV
232.0,4920.0,1773.0,39404,SUV
146.0,5098.0,2051.0,22633,SUV
219.0,4816.0,1707.0,42431,SUV
247.0,5045.0,1859.0,48390,SUV
246.0,4874.0,1889.0,45513,SUV
171.0,4905.0,2085.0,22361,SUV
147.0,5064.0,1825.0,30859,SUV
222.0,4911.0,1894.0,41057,SUV
190.0,4821.0,1846.0,30654,SUV
232.0,4947.0,1928.0,37315,SUV
210.0,4751.0,1916.0,44247,SUV
149.0,4851.0,1778.0,22218,SUV
218.0,4799.0,2116.0,52257,SUV
154.0,4810.0,2020.0,21136,SUV
238.0,5084.0,2128.0,63463,SUV
147.0,4955.0,1708.0,18735,SUV
191.0,4941.0,1728.0,34324,SUV
166.0,4776.0,1853.0,35659,SUV
144.0,4808.0,2037.0,20058,SUV
141.0,4828.0,1701.0,26137,SUV
170.0,4778.0,2058.0,25858,SUV
166.0,4998.0,2069.0,23690,SUV
150.0,5024.0,2142.0,24814,SUV
129.0,4915.0,1724.0,17795,SUV
212.0,4868.0,1742.0,36249,SUV
241.0,4933.0,2186.0,41751,SUV
200.0,5015.0,1794.0,48045,SUV
126.0,5076.0,1748.0,18905,SUV
169.0,4785.0,1948.0,29888,SUV
186.0,5055.0,1896.0,32942,SUV
131.0,5020.0,1818.0,25633,SUV
126.0,5033.0,2198.0,22940,SUV
208.0,5008.0,1897.0,37138,SUV
88.0,4003.0,956.0,8126,Hatchback
84.0,4068.0,1315.0,7243,Hatchback
64.0,3515.0,1598.0,9345,Hatchback
75.0,4062.0,1340.0,12179,Hatchback
61.0,4193.0,1591.0,7944,Hatchback
72.0,4105.0,942.0,7742,Hatchback
71.0,3936.0,1131.0,9779,Hatchback
61.0,3752.0,1492.0,6208,Hatchback
67.0,4053.0,1287.0,7838,Hatchback
85.0,3789.0,1308.0,9207,Hatchback
83.0,4023.0,1327.0,9272,Hatchback
61.0,4110.0,1400.0,4851,Hatchback
76.0,4090.0,1129.0,7091,Hatchback
61.0,4140.0,1074.0,5054,Hatchback
60.0,3939.0,1002.0,4358,Hatchback
60.0,4193.0,1451.0,7420,Hatchback
65.0,3618.0,1244.0,8461,Hatchback
72.0,3725.0,960.0,7417,Hatchback
84.0,3604.0,1199.0,14078,Hatchback
67.0,4195.0,1431.0,6352,Hatchback
76.0,4172.0,1167.0,6790,Hatchback
66.0,3566.0,1108.0,5950,Hatchback
77.0,4111.0,1019.0,6351,Hatchback
71.0,3845.0,964.0,10650,Hatchback
84.0,4028.0,1528.0,10324,Hatchback
87.0,3779.0,1211.0,11936,Hatchback
81.0,4138.0,1355.0,8924,Hatchback
80.0,3609.0,1096.0,8752,Hatchback
71.0,3889.0,1316.0,8605,Hatchback
60.0,3964.0,1186.0,7420,Hatchback
90.0,3919.0,1137.0,15092,Hatchback
68.0,4002.0,1523.0,8373,Hatchback
68.0,3966.0,1558.0,5047,Hatchback
62.0,3884.0,1165.0,8862,Hatchback
73.0,3579.0,1137.0,10684,Hatchback
62.0,3730.0,1132.0,6113,Hatchback
80.0,3877.0,1511.0,7030,Hatchback
67.0,3948.0,1587.0,6091,Hatchback
64.0,3688.0,1156.0,7281,Hatchback
83.0,4013.0,1474.0,8872,Hatchback
82.0,3978.0,1472.0,13526,Hatchback
69.0,3623.0,1135.0,10595,Hatchback
64.0,3852.0,1192.0,7590,Hatchback
72.0,4160.0,1428.0,6524,Hatchback
83.0,3664.0,1073.0,11065,Hatchback
73.0,4119.0,1028.0,11152,Hatchback
67.0,4085.0,1188.0,6909,Hatchback
69.0,4166.0,1139.0,8218,Hatchback
72.0,3833.0,1062.0,7742,Hatchback
81.0,3689.0,1148.0,11616,Hatchback
