13.36,19.44,39.36,26.54,Specie 1
7.21,25.48,28.95,21.39,Specie 1
8.75,25.95,5.70,24.54,Specie 1
8.99,17.47,3.93,56.35,Specie 1
4.59,5.82,17.86,1.18,Specie 1
9.91,1.95,44.69,46.76,Specie 1
4.02,28.56,16.97,35.23,Specie 1
11.59,11.01,1.03,19.69,Specie 1
0.46,29.22,15.64,11.52,Specie 1
6.83,14.07,31.51,20.20,Specie 1
11.76,18.79,1.44,11.28,Specie 1
0.50,6.37,20.94,15.52,Specie 1
10.14,23.70,29.47,26.57,Specie 1
4.59,20.27,28.42,12.72,Specie 1
14.21,11.61,44.63,11.57,Specie 1
1.27,1.47,43.09,14.76,Specie 1
14.80,16.41,24.76,27.29,Specie 1
9.51,7.27,36.49,42.26,Specie 1
5.48,5.91,17.38,27.72,Specie 1
10.67,9.79,2.30,34.75,Specie 1
2.01,10.69,23.90,17.00,Specie 1
8.79,2.32,28.64,59.21,Specie 1
6.91,1.33,16.48,22.35,Specie 1
7.13,16.17,36.34,5.87,Specie 1
10.82,0.35,21.39,33.15,Specie 1
4.81,8.94,30.18,29.48,Specie 1
8.67,26.44,24.13,27.67,Specie 1
12.66,1.00,25.84,37.18,Specie 1
4.87,6.55,6.94,32.79,Specie 1
2.50,18.11,2.03,48.77,Specie 1
0.85,8.37,38.70,3.49,Specie 1
2.43,14.21,18.23,16.23,Specie 1
11.31,3.65,22.60,45.17,Specie 1
2.23,12.21,1.39,8.03,Specie 1
8.78,25.14,25.34,12.97,Specie 1
11.07,21.28,37.79,46.12,Specie 1
9.07,3.51,38.89,49.91,Specie 1
2.94,8.60,40.10,11.90,Specie 1
9.14,10.57,43.83,37.74,Specie 1
1.40,24.02,28.26,3.00,Specie 1
5.98,19.40,8.43,44.05,Specie 1
8.98,10.87,10.77,2.98,Specie 1
6.44,25.37,42.38,45.17,Specie 1
5.17,6.57,10.64,55.84,Specie 1
2.54,3.14,4.75,1.36,Specie 1
4.35,20.32,12.99,5.21,Specie 1
4.34,9.58,21.48,24.81,Specie 1
13.25,5.35,17.09,9.27,Specie 1
13.43,27.19,7.40,41.87,Specie 1
2.62,25.80,41.70,56.28,Specie 1
8.80,18.14,7.47,25.60,Specie 2
12.69,24.86,22.27,56.56,Specie 2
0.23,23.18,19.78,40.77,Specie 2
13.47,18.08,15.03,15.02,Specie 2
9.28,24.17,3.67,3.12,Specie 2
0.58,8.91,40.63,52.85,Specie 2
14.74,1.07,15.28,33.57,Specie 2
10.61,21.61,31.37,46.39,Specie 2
5.81,27.09,35.13,33.71,Specie 2
14.38,13.98,25.23,54.82,Specie 2
10.65,12.04,0.15,53.48,Specie 2
11.05,23.95,40.79,10.37,Specie 2
4.70,10.06,3.23,26.09,Specie 2
8.62,11.22,33.96,59.66,Specie 2
4.84,4.78,17.45,35.58,Specie 2
2.41,2.28,16.76,16.98,Specie 2
14.36,9.26,22.96,33.06,Specie 2
1.81,28.54,29.83,15.65,Specie 2
8.29,24.59,32.13,22.65,Specie 2
2.36,2.32,38.89,12.09,Specie 2
1.45,16.41,14.44,53.34,Specie 2
14.31,12.32,10.06,45.08,Specie 2
8.68,11.94,24.97,20.30,Specie 2
8.24,25.25,41.99,25.84,Specie 2
7.13,0.31,38.06,41.52,Specie 2
2.73,2.09,26.59,19.25,Specie 2
8.29,24.97,24.90,43.85,Specie 2
0.57,19.98,19.17,37.24,Specie 2
0.76,12.58,44.32,23.29,Specie 2
13.60,1.11,17.17,15.68,Specie 2
10.09,27.75,44.44,26.65,Specie 2
6.28,29.81,28.92,30.41,Specie 2
14.21,19.23,34.95,21.02,Specie 2
10.78,2.57,39.55,17.96,Specie 2
14.99,19.35,36.40,34.80,Specie 2
5.90,9.66,14.03,32.63,Specie 2
14.75,22.04,7.55,5.27,Specie 2
11.85,14.67,1.51,32.28,Specie 2
4.67,18.13,1.60,19.05,Specie 2
13.44,1.87,33.32,49.61,Specie 2
5.91,10.45,26.69,46.82,Specie 2
10.21,21.53,40.08,46.89,Specie 2
3.93,12.78,17.74,46.21,Specie 2
11.30,21.22,19.64,9.94,Specie 2
5.49,29.84,24.22,18.65,Specie 2
14.69,25.78,15.03,4.53,Specie 2
1.37,5.57,36.97,38.36,Specie 2
0.67,18.88,32.82,36.39,Specie 2
0.37,29.04,33.60,5.71,Specie 2
0.68,20.37,17.03,42.19,Specie 2
0.50,10.83,32.35,53.01,Specie 3
9.28,20.24,9.48,25.25,Specie 3
3.61,26.24,33.48,35.62,Specie 3
8.30,13.47,31.73,45.95,Specie 3
2.52,13.23,42.34,56.79,Specie 3
7.72,19.21,25.30,23.68,Specie 3
7.08,19.90,15.48,55.37,Specie 3
4.90,5.88,44.58,31.03,Specie 3
9.62,15.06,44.58,11.49,Specie 3
8.31,21.12,28.68,20.88,Specie 3
14.32,20.90,29.55,33.55,Specie 3
10.96,22.84,33.00,17.37,Specie 3
0.24,23.17,2.15,40.09,Specie 3
5.45,20.89,37.43,17.67,Specie 3
7.37,3.58,10.16,46.94,Specie 3
14.82,1.76,21.99,10.48,Specie 3
2.42,25.76,30.60,13.09,Specie 3
3.23,22.30,19.53,17.79,Specie 3
2.91,1.12,22.35,45.50,Specie 3
5.46,29.99,40.25,44.25,Specie 3
1.11,19.19,42.07,20.32,Specie 3
2.85,23.86,11.86,24.71,Specie 3
13.85,29.40,44.27,35.08,Specie 3
11.77,29.73,22.27,33.93,Specie 3
8.77,24.94,41.31,54.66,Specie 3
14.88,26.92,34.81,17.20,Specie 3
12.46,16.26,26.56,14.72,Specie 3
8.98,27.99,21.66,31.38,Specie 3
13.34,5.36,30.35,11.59,Specie 3
12.74,16.44,18.80,2.69,Specie 3
9.75,9.11,10.16,30.59,Specie 3
4.50,4.65,0.69,58.93,Specie 3
8.02,0.89,4.61,6.04,Specie 3
0.40,24.15,5.40,20.69,Specie 3
1.98,9.96,44.44,40.29,Specie 3
10.51,18.00,30.05,9.69,Specie 3
7.99,12.69,21.18,19.16,Specie 3
10.87,20.94,2.55,19.15,Specie 3
8.78,3.31,4.48,56.15,Specie 3
4.09,16.29,17.93,41.88,Specie 3
6.69,1.72,13.74,14.69,Specie 3
10.93,10.75,43.13,51.54,Specie 3
14.15,0.31,12.61,59.33,Specie 3
1.67,11.50,41.62,3.47,Specie 3
4.90,13.08,27.52,34.19,Specie 3
1.14,11.28,24.25,51.68,Specie 3
3.69,2.87,33.58,19.21,Specie 3
9.30,10.62,34.74,55.87,Specie 3
8.10,23.62,9.33,24.06,Specie 3
12.66,13.30,7.87,29.30,Specie 3
