14.6,13.3,11.8,55.5,Specie 1
7.3,27.8,37.6,12.5,Specie 1
1.5,2.4,16.6,30.6,Specie 1
1.5,18.5,0.4,22.4,Specie 1
8.3,13.0,21.6,37.2,Specie 1
9.6,15.3,17.4,8.1,Specie 1
7.3,19.1,34.3,8.2,Specie 1
8.4,11.0,42.9,30.3,Specie 1
8.8,1.8,12.9,46.0,Specie 1
9.6,24.3,32.4,59.3,Specie 1
14.8,4.6,30.3,2.4,Specie 1
6.2,15.7,9.2,5.5,Specie 1
8.2,8.0,39.5,42.0,Specie 1
8.4,13.9,39.5,39.9,Specie 1
2.4,18.9,25.2,28.7,Specie 1
7.8,11.2,33.7,38.8,Specie 1
6.3,17.7,42.6,32.7,Specie 1
13.6,15.1,13.1,38.5,Specie 1
13.7,18.0,21.9,18.5,Specie 1
9.0,1.6,20.6,43.4,Specie 1
0.9,26.9,1.0,6.2,Specie 1
7.1,26.6,12.5,25.6,Specie 1
11.9,27.0,24.1,40.6,Specie 1
14.7,1.0,5.2,22.1,Specie 1
3.7,6.3,33.9,18.9,Specie 1
2.0,28.6,4.9,12.4,Specie 1
12.0,12.8,31.8,1.6,Specie 1
7.3,2.9,2.4,56.3,Specie 1
13.1,29.0,27.6,55.4,Specie 1
11.7,0.2,28.1,45.8,Specie 1
10.8,26.1,5.1,44.6,Specie 1
1.1,1.1,34.0,9.5,Specie 1
5.7,15.6,12.0,28.4,Specie 1
14.5,27.0,39.1,52.8,Specie 1
4.1,1.2,19.2,16.9,Specie 1
10.3,10.8,11.1,40.0,Specie 1
11.7,23.6,19.3,5.2,Specie 1
3.2,0.1,25.6,8.6,Specie 1
0.4,27.4,3.9,34.6,Specie 1
7.4,22.5,25.4,11.7,Specie 1
11.4,29.1,3.3,39.6,Specie 1
3.5,28.0,13.8,56.8,Specie 1
12.1,5.3,31.4,50.6,Specie 1
13.6,14.8,29.2,55.8,Specie 1
7.5,11.8,27.0,51.9,Specie 1
9.7,12.4,25.6,4.1,Specie 1
6.8,2.2,12.9,10.6,Specie 1
1.3,12.3,43.7,34.1,Specie 1
13.6,21.5,25.6,36.0,Specie 1
4.3,24.3,9.8,33.0,Specie 1
8.8,1.7,23.3,28.6,Specie 2
0.4,18.3,26.3,31.8,Specie 2
12.0,20.1,5.5,20.8,Specie 2
1.8,9.7,25.6,22.9,Specie 2
8.0,26.2,38.3,35.1,Specie 2
6.3,14.8,33.2,57.9,Specie 2
2.7,5.1,36.7,30.3,Specie 2
7.2,29.5,34.4,4.0,Specie 2
1.7,7.4,27.3,22.2,Specie 2
13.0,6.1,21.6,42.3,Specie 2
8.3,20.0,43.6,49.6,Specie 2
1.4,21.4,10.0,39.1,Specie 2
3.9,0.1,21.2,21.5,Specie 2
11.6,27.1,26.4,47.7,Specie 2
3.4,4.2,38.5,28.8,Specie 2
4.7,9.8,18.8,24.6,Specie 2
6.9,1.4,20.9,19.9,Specie 2
7.2,5.4,1.5,12.9,Specie 2
2.5,9.4,24.2,46.6,Specie 2
11.3,23.5,9.1,28.3,Specie 2
11.2,16.5,36.4,59.2,Specie 2
8.8,4.1,25.3,53.0,Specie 2
10.1,16.0,25.3,44.9,Specie 2
8.1,27.7,25.8,5.1,Specie 2
11.6,24.4,40.4,18.9,Specie 2
5.6,22.3,39.6,20.9,Specie 2
7.4,19.9,30.8,12.7,Specie 2
10.9,8.2,11.8,24.6,Specie 2
6.5,20.0,34.0,45.2,Specie 2
11.5,27.6,20.2,44.3,Specie 2
6.6,13.0,36.6,2.6,Specie 2
4.8,27.7,11.1,38.8,Specie 2
9.7,2.3,17.7,7.9,Specie 2
6.4,13.3,36.4,5.1,Specie 2
2.9,25.7,31.2,7.9,Specie 2
11.3,11.8,44.8,22.8,Specie 2
7.5,18.5,11.0,43.8,Specie 2
3.2,14.9,32.9,20.5,Specie 2
0.7,19.1,38.8,20.8,Specie 2
9.8,3.2,44.9,12.2,Specie 2
1.4,1.0,34.2,52.7,Specie 2
11.1,20.7,8.7,24.7,Specie 2
2.2,6.6,14.2,12.2,Specie 2
12.8,23.3,26.8,40.0,Specie 2
12.7,24.7,29.3,43.4,Specie 2
1.9,29.0,44.3,28.1,Specie 2
3.7,29.0,31.9,55.5,Specie 2
3.0,20.7,14.9,47.2,Specie 2
0.0,9.1,36.8,4.3,Specie 2
10.8,20.1,0.1,36.0,Specie 2
9.0,5.0,8.8,58.0,Specie 3
7.8,8.9,34.5,20.1,Specie 3
3.9,9.7,26.3,9.6,Specie 3
8.8,25.0,15.3,38.0,Specie 3
6.0,17.6,7.7,7.8,Specie 3
11.6,2.8,43.6,23.0,Specie 3
13.2,9.1,33.7,49.0,Specie 3
4.8,15.3,28.8,16.6,Specie 3
10.3,25.7,9.3,1.8,Specie 3
0.8,2.0,29.5,15.1,Specie 3
8.7,6.0,10.0,46.4,Specie 3
10.5,22.5,12.3,15.0,Specie 3
12.3,26.5,19.1,2.4,Specie 3
4.5,0.8,43.0,58.4,Specie 3
0.1,6.7,34.5,5.1,Specie 3
6.2,28.4,16.4,37.1,Specie 3
3.5,20.7,0.3,23.4,Specie 3
6.6,14.5,25.9,27.8,Specie 3
10.8,4.5,41.2,27.1,Specie 3
1.4,0.5,10.7,19.2,Specie 3
6.9,21.4,41.0,44.4,Specie 3
5.6,19.5,44.5,1.7,Specie 3
1.3,6.7,35.6,55.0,Specie 3
12.2,13.2,6.0,0.8,Specie 3
2.5,23.8,43.5,9.3,Specie 3
11.8,19.3,12.0,45.6,Specie 3
13.5,7.1,5.0,22.1,Specie 3
13.4,21.2,19.4,0.4,Specie 3
6.0,20.3,40.0,31.3,Specie 3
6.7,26.4,22.4,11.8,Specie 3
13.1,17.0,20.2,23.3,Specie 3
11.9,1.0,44.0,36.4,Specie 3
10.0,8.1,13.2,19.6,Specie 3
3.5,14.1,26.6,14.0,Specie 3
12.5,7.5,40.8,55.9,Specie 3
2.0,2.6,15.4,57.8,Specie 3
3.8,0.3,33.2,39.5,Specie 3
4.7,21.7,40.1,10.9,Specie 3
10.1,2.0,23.4,30.5,Specie 3
13.0,26.5,34.9,15.1,Specie 3
5.4,1.1,6.3,23.3,Specie 3
12.0,24.2,34.9,38.9,Specie 3
3.1,20.7,29.5,24.0,Specie 3
14.8,25.8,16.5,4.6,Specie 3
12.4,23.9,34.3,45.8,Specie 3
13.3,1.4,24.7,40.7,Specie 3
11.4,7.5,15.9,54.3,Specie 3
6.4,5.2,24.6,32.1,Specie 3
9.0,19.1,18.6,50.7,Specie 3
2.1,22.3,27.0,17.3,Specie 3
